KEY 0 => 2b7e151628aed2a6abf7158809cf4f3c
KEY 1 => a0fafe1788542cb123a339392a6c7605
KEY 2 => f2c295f27a96b9435935807a7359f67f
KEY 3 => 3d80477d4716fe3e1e237e446d7a883b
KEY 4 => ef44a541a8525b7fb671253bdb0bad00
KEY 5 => d4d1c6f87c839d87caf2b8bc11f915bc
KEY 6 => 6d88a37a110b3efddbf98641ca0093fd
KEY 7 => 4e54f70e5f5fc9f384a64fb24ea6dc4f
KEY 8 => ead27321b58dbad2312bf5607f8d292f
KEY 9 => ac7766f319fadc2128d12941575c006e
KEY 10 => d014f9a8c9ee2589e13f0cc8b6630ca6
AES_AddRoundKey => [25 61 227 190 160 244 226 43 154 198 141 42 233 248 72 8]
-------------------1-------------------------
AES_ByteMatrix =>  [[25 160 154 233] [61 244 198 248] [227 226 141 72] [190 43 42 8]]
AES_SubBytes =>  [[212 224 184 30] [39 191 180 65] [17 152 93 82] [174 241 229 48]]
AES_ShiftRows =>  [[212 224 184 30] [191 180 65 39] [93 82 17 152] [48 174 241 229]]
AES_MixColumns =>  [[4 224 72 40] [102 203 248 6] [129 25 211 38] [229 154 122 76]]
flattenByColumns =>  [4 102 129 229 224 203 25 154 72 248 211 122 40 6 38 76]
AES_AddRoundKey =>  [164 156 127 242 104 159 53 43 107 91 234 67 2 106 80 73]
-------------------2-------------------------
AES_ByteMatrix =>  [[164 104 107 2] [156 159 91 106] [127 53 234 80] [242 43 67 73]]
AES_SubBytes =>  [[73 69 127 119] [222 219 57 2] [210 150 135 83] [137 241 26 59]]
AES_ShiftRows =>  [[73 69 127 119] [219 57 2 222] [135 83 210 150] [59 137 241 26]]
AES_MixColumns =>  [[88 27 219 27] [77 75 231 107] [202 90 202 176] [241 172 168 229]]
flattenByColumns =>  [88 77 202 241 27 75 90 172 219 231 202 168 27 107 176 229]
AES_AddRoundKey =>  [170 143 95 3 97 221 227 239 130 210 74 210 104 50 70 154]
-------------------3-------------------------
AES_ByteMatrix =>  [[170 97 130 104] [143 221 210 50] [95 227 74 70] [3 239 210 154]]
AES_SubBytes =>  [[172 239 19 69] [115 193 181 35] [207 17 214 90] [123 223 181 184]]
AES_ShiftRows =>  [[172 239 19 69] [193 181 35 115] [214 90 207 17] [184 123 223 181]]
AES_MixColumns =>  [[117 32 83 187] [236 11 192 37] [9 99 207 208] [147 51 124 220]]
flattenByColumns =>  [117 236 9 147 32 11 99 51 83 192 207 124 187 37 208 220]
AES_AddRoundKey =>  [72 108 78 238 103 29 157 13 77 227 177 56 214 95 88 231]
-------------------4-------------------------
AES_ByteMatrix =>  [[72 103 77 214] [108 29 227 95] [78 157 177 88] [238 13 56 231]]
AES_SubBytes =>  [[82 133 227 246] [80 164 17 207] [47 94 200 106] [40 215 7 148]]
AES_ShiftRows =>  [[82 133 227 246] [164 17 207 80] [200 106 47 94] [148 40 215 7]]
AES_MixColumns =>  [[15 96 111 94] [214 49 192 179] [218 56 16 19] [169 191 107 1]]
flattenByColumns =>  [15 214 218 169 96 49 56 191 111 192 16 107 94 179 19 1]
AES_AddRoundKey =>  [224 146 127 232 200 99 99 192 217 177 53 80 133 184 190 1]
-------------------5-------------------------
AES_ByteMatrix =>  [[224 200 217 133] [146 99 177 184] [127 99 53 190] [232 192 80 1]]
AES_SubBytes =>  [[225 232 53 151] [79 251 200 108] [210 251 150 174] [155 186 83 124]]
AES_ShiftRows =>  [[225 232 53 151] [251 200 108 79] [150 174 210 251] [124 155 186 83]]
AES_MixColumns =>  [[37 189 182 76] [209 17 58 76] [169 209 51 192] [173 104 142 176]]
flattenByColumns =>  [37 209 169 173 189 17 209 104 182 58 51 142 76 76 192 176]
AES_AddRoundKey =>  [241 0 111 85 193 146 76 239 124 200 139 50 93 181 213 12]
-------------------6-------------------------
AES_ByteMatrix =>  [[241 193 124 93] [0 146 200 181] [111 76 139 213] [85 239 50 12]]
AES_SubBytes =>  [[161 120 16 76] [99 79 232 213] [168 41 61 3] [252 223 35 254]]
AES_ShiftRows =>  [[161 120 16 76] [79 232 213 99] [61 3 168 41] [254 252 223 35]]
AES_MixColumns =>  [[75 44 51 55] [134 74 157 210] [141 137 244 24] [109 128 232 216]]
flattenByColumns =>  [75 134 141 109 44 74 137 128 51 157 244 232 55 210 24 216]
AES_AddRoundKey =>  [38 14 46 23 61 65 183 125 232 100 114 169 253 210 139 37]
-------------------7-------------------------
AES_ByteMatrix =>  [[38 61 232 253] [14 65 100 210] [46 183 114 139] [23 125 169 37]]
AES_SubBytes =>  [[247 39 155 84] [171 131 67 181] [49 169 64 61] [240 255 211 63]]
AES_ShiftRows =>  [[247 39 155 84] [131 67 181 171] [64 61 49 169] [63 240 255 211]]
AES_MixColumns =>  [[20 70 39 52] [21 22 70 42] [181 21 86 216] [191 236 215 67]]
flattenByColumns =>  [20 21 181 191 70 22 21 236 39 70 86 215 52 42 216 67]
AES_AddRoundKey =>  [90 65 66 177 25 73 220 31 163 224 25 101 122 140 4 12]
-------------------8-------------------------
AES_ByteMatrix =>  [[90 25 163 122] [65 73 224 140] [66 220 25 4] [177 31 101 12]]
AES_SubBytes =>  [[190 212 10 218] [131 59 225 100] [44 134 212 242] [200 192 77 254]]
AES_ShiftRows =>  [[190 212 10 218] [59 225 100 131] [212 242 44 134] [254 200 192 77]]
AES_MixColumns =>  [[0 177 84 250] [81 200 118 27] [47 137 109 153] [209 255 205 234]]
flattenByColumns =>  [0 81 47 209 177 200 137 255 84 118 109 205 250 27 153 234]
AES_AddRoundKey =>  [234 131 92 240 4 69 51 45 101 93 152 173 133 150 176 197]
-------------------9-------------------------
AES_ByteMatrix =>  [[234 4 101 133] [131 69 93 150] [92 51 152 176] [240 45 173 197]]
AES_SubBytes =>  [[135 242 77 151] [236 110 76 144] [74 195 70 231] [140 216 149 166]]
AES_ShiftRows =>  [[135 242 77 151] [110 76 144 236] [70 231 74 195] [166 140 216 149]]
AES_MixColumns =>  [[71 64 163 76] [55 212 112 159] [148 228 58 66] [237 165 166 188]]
flattenByColumns =>  [71 55 148 237 64 212 228 165 163 112 58 166 76 159 66 188]
AES_AddRoundKey =>  [235 64 242 30 89 46 56 132 139 161 19 231 27 195 66 210]
-------------------10-------------------------
Block =>  [235 64 242 30 89 46 56 132 139 161 19 231 27 195 66 210]
AES_ByteMatrix =>  [[235 89 139 27] [64 46 161 195] [242 56 19 66] [30 132 231 210]]
AES_SubBytes =>  [[233 203 61 175] [9 49 50 46] [137 7 125 44] [114 95 148 181]]
AES_ShiftRows =>  [[233 203 61 175] [49 50 46 9] [125 44 137 7] [181 114 95 148]]
flattenByColumns =>  [233 49 125 181 203 50 44 114 61 46 137 95 175 9 7 148]
AES_AddRoundKey =>  [57 37 132 29 2 220 9 251 220 17 133 151 25 106 11 50]
-------------------结果-------------------------
[57 37 132 29 2 220 9 251 220 17 133 151 25 106 11 50]
[57 37 132 29 2 220 9 251 220 17 133 151 25 106 11 50]


0xbe 0xd0
0x27 0xd0
0xa2 0xd0
